1111111111111111111111111111111111111111111
1                     1                   1
1 1111111 11111111111 1 111111111 1111111 1
1 1     1 1         1 1 1       1 1     1 1
1 1     1 1         1 1 1       1 1     1 1
1 1111111 11111111111 1 111111111 1111111 1
1                                         1
1 1111111 1 1111111111111111111 1 1111111 1
1         1           1         1         1
111111111 11111111111 1 111111111 111111111
        1 1                     1 1        
111111111 1 1111111111111111111 1 111111111
3           2       b  b      2           3
3           2       b  b      2           3
111111111 1 1111111111111111111 1 111111111
        1 1                     1 1        
111111111 1 1111111111111111111 1 111111111
1                     1                   1
1 1111111 11111111111 1 111111111 1111111 1
1       1 1                     1 1       1
111111 11 1111111111111111111 111 111 11111
1         1           1           1       1
1 1111111111111111111 1 11111111111111111 1
1                    P                    1
1111111111111111111111111111111111111111111